0 0.24462890625 0.519893899204244 0.0478515625 0.18037135278514588
0 0.24462890625 0.15384615384615383 0.0478515625 0.16445623342175064
0 0.33935546875 0.29442970822281167 0.0693359375 0.2652519893899204
0 0.4013671875 0.11671087533156498 0.046875 0.16445623342175064
0 0.533203125 0.24270557029177717 0.0390625 0.13527851458885942
0 0.53076171875 0.5503978779840849 0.0400390625 0.16180371352785144
0 0.6357421875 0.3713527851458886 0.060546875 0.1962864721485411
0 0.67626953125 0.17506631299734748 0.0380859375 0.1326259946949602
0 0.81396484375 0.5503978779840849 0.0302734375 0.16180371352785144
0 0.8203125 0.20689655172413793 0.01953125 0.1326259946949602
