0 0.0263671875 0.3864182692307693 0.009765625 0.03245192307692308
0 0.07177734375 0.37199519230769235 0.0244140625 0.03245192307692308
0 0.13818359375 0.3852163461538462 0.0263671875 0.030048076923076924
0 0.18896484375 0.3713942307692308 0.0302734375 0.04326923076923077
0 0.25732421875 0.3659855769230769 0.0205078125 0.030048076923076924
0 0.30810546875 0.3762019230769231 0.0224609375 0.038461538461538464
0 0.26513671875 0.3353365384615385 0.0185546875 0.026442307692307696
0 0.28955078125 0.34375 0.0205078125 0.02403846153846154
0 0.33837890625 0.4086538461538462 0.0302734375 0.04567307692307693
0 0.3544921875 0.3263221153846154 0.0234375 0.03485576923076923
0 0.3271484375 0.3389423076923077 0.01953125 0.028846153846153848
0 0.3447265625 0.27403846153846156 0.021484375 0.02403846153846154
0 0.455078125 0.15504807692307693 0.052734375 0.09134615384615385
0 0.5517578125 0.25961538461538464 0.017578125 0.028846153846153848
0 0.595703125 0.33353365384615385 0.0234375 0.03245192307692308
0 0.66064453125 0.3233173076923077 0.0224609375 0.03605769230769231
0 0.6923828125 0.3233173076923077 0.029296875 0.04567307692307693
0 0.6220703125 0.37980769230769235 0.037109375 0.057692307692307696
0 0.70166015625 0.37560096153846156 0.0341796875 0.04927884615384616
0 0.759765625 0.38461538461538464 0.0390625 0.05528846153846154
0 0.76123046875 0.32211538461538464 0.0322265625 0.04326923076923077
0 0.78857421875 0.3774038461538462 0.0283203125 0.05288461538461539
0 0.8818359375 0.3629807692307693 0.041015625 0.06009615384615385
0 0.87939453125 0.30949519230769235 0.0361328125 0.04447115384615385
