0 0.09765625 0.4001264222503161 0.03515625 0.05183312262958281
0 0.1376953125 0.3836915297092289 0.025390625 0.039190897597977246
0 0.1943359375 0.40897597977244 0.025390625 0.039190897597977246
0 0.2119140625 0.38621997471555 0.01953125 0.034134007585335024
0 0.25146484375 0.40707964601769914 0.0244140625 0.03286978508217447
0 0.27392578125 0.40139064475347663 0.0205078125 0.034134007585335024
0 0.3095703125 0.3761061946902655 0.01953125 0.034134007585335024
0 0.31689453125 0.42225031605562585 0.0224609375 0.040455120101137804
0 0.35498046875 0.3874841972187105 0.0224609375 0.03666245259165613
0 0.40576171875 0.39949431099873584 0.0224609375 0.040455120101137804
0 0.41552734375 0.37800252844500637 0.0185546875 0.030341340075853353
0 0.44384765625 0.4032869785082175 0.0185546875 0.030341340075853353
0 0.4853515625 0.40202275600505694 0.017578125 0.030341340075853353
0 0.52294921875 0.3893805309734514 0.0185546875 0.02781289506953224
0 0.52587890625 0.4260429835651075 0.0185546875 0.03286978508217447
0 0.5517578125 0.41340075853350194 0.017578125 0.03286978508217447
0 0.55517578125 0.49620733249051835 0.0205078125 0.034134007585335024
0 0.47900390625 0.49367888748419725 0.0224609375 0.03666245259165613
0 0.40087890625 0.5050568900126423 0.0224609375 0.03666245259165613
0 0.30224609375 0.49051833122629585 0.0224609375 0.03792667509481669
0 0.31494140625 0.5436156763590393 0.0185546875 0.02781289506953224
0 0.2158203125 0.4873577749683945 0.025390625 0.044247787610619475
0 0.10400390625 0.5233881163084704 0.0263671875 0.04298356510745892
0 0.92724609375 0.5195954487989887 0.0224609375 0.040455120101137804
0 0.873046875 0.41276864728192164 0.0234375 0.03666245259165613
0 0.8515625 0.39064475347661193 0.01953125 0.03286978508217447
0 0.7861328125 0.40960809102402024 0.01953125 0.030341340075853353
0 0.80908203125 0.42477876106194695 0.0224609375 0.035398230088495575
0 0.82470703125 0.5082174462705437 0.0224609375 0.040455120101137804
0 0.7119140625 0.3843236409608091 0.01953125 0.03286978508217447
0 0.75341796875 0.43931731984829336 0.0185546875 0.026548672566371685
0 0.7138671875 0.42477876106194695 0.01953125 0.03286978508217447
0 0.75244140625 0.5094816687737043 0.0224609375 0.030341340075853353
0 0.671875 0.5145385587863465 0.01953125 0.030341340075853353
0 0.6669921875 0.43362831858407086 0.01953125 0.03792667509481669
0 0.6708984375 0.4032869785082175 0.017578125 0.02781289506953224
0 0.6455078125 0.40960809102402024 0.015625 0.03286978508217447
0 0.6279296875 0.39633375474083443 0.017578125 0.03160556257901391
0 0.6103515625 0.41908975979772445 0.015625 0.029077117572692796
0 0.576171875 0.40139064475347663 0.01953125 0.026548672566371685
0 0.603515625 0.5018963337547409 0.01953125 0.03286978508217447
