0 0.01904296875 0.586038961038961 0.0380859375 0.08766233766233766
0 0.05615234375 0.5625 0.0341796875 0.06655844155844157
0 0.0302734375 0.5202922077922079 0.0390625 0.06980519480519481
0 0.0654296875 0.43100649350649356 0.037109375 0.07305194805194806
0 0.14453125 0.1801948051948052 0.025390625 0.05844155844155845
0 0.11865234375 0.23051948051948054 0.0224609375 0.048701298701298704
0 0.205078125 0.10633116883116883 0.02734375 0.05681818181818182
0 0.2880859375 0.12743506493506496 0.029296875 0.053571428571428575
0 0.28125 0.3652597402597403 0.109375 0.2077922077922078
0 0.40380859375 0.2735389610389611 0.1064453125 0.19642857142857145
0 0.46923828125 0.3758116883116883 0.0927734375 0.21266233766233766
0 0.66357421875 0.37012987012987014 0.0244140625 0.05194805194805195
0 0.73291015625 0.5454545454545455 0.0361328125 0.08441558441558442
0 0.67626953125 0.4967532467532468 0.0322265625 0.07142857142857144
0 0.7744140625 0.4707792207792208 0.02734375 0.05844155844155845
0 0.7548828125 0.42613636363636365 0.02734375 0.06006493506493507
0 0.68603515625 0.4123376623376624 0.0224609375 0.048701298701298704
0 0.71435546875 0.33766233766233766 0.0263671875 0.0551948051948052
0 0.78759765625 0.4082792207792208 0.0283203125 0.053571428571428575
0 0.78564453125 0.3685064935064935 0.0205078125 0.045454545454545456
0 0.82177734375 0.3368506493506494 0.0244140625 0.04707792207792208
0 0.85888671875 0.3652597402597403 0.0244140625 0.048701298701298704
0 0.8232421875 0.47889610389610393 0.037109375 0.07792207792207792
0 0.85546875 0.45373376623376627 0.02734375 0.06980519480519481
0 0.83203125 0.44642857142857145 0.025390625 0.06493506493506494
0 0.90234375 0.413961038961039 0.029296875 0.061688311688311695
0 0.9375 0.45373376623376627 0.025390625 0.053571428571428575
0 0.95849609375 0.523538961038961 0.0322265625 0.06331168831168832
0 0.98388671875 0.3952922077922078 0.0205078125 0.05032467532467533
0 0.97998046875 0.3400974025974026 0.0205078125 0.04383116883116883
0 0.9189453125 0.35551948051948057 0.0234375 0.048701298701298704
0 0.958984375 0.4025974025974026 0.0234375 0.0551948051948052
0 0.9326171875 0.7646103896103896 0.091796875 0.2142857142857143
0 0.873046875 0.6355519480519481 0.04296875 0.09253246753246754
0 0.81005859375 0.601461038961039 0.0341796875 0.07305194805194806
0 0.87060546875 0.5405844155844156 0.0322265625 0.06493506493506494
0 0.91162109375 0.49269480519480524 0.0302734375 0.06655844155844157
0 0.62255859375 0.4748376623376624 0.0244140625 0.06006493506493507
0 0.61865234375 0.37743506493506496 0.0263671875 0.05681818181818182
