0 0.06005859375 0.46232439335887615 0.0458984375 0.08684546615581099
0 0.15234375 0.29821200510855683 0.046875 0.09067688378033206
0 0.212890625 0.33014048531289913 0.04296875 0.07790549169859515
0 0.59326171875 0.25606641123882506 0.0341796875 0.07279693486590039
0 0.67333984375 0.30651340996168586 0.0478515625 0.07407407407407408
0 0.931640625 0.23243933588761176 0.044921875 0.08173690932311622
0 0.95849609375 0.30204342273307794 0.0419921875 0.08812260536398468
0 0.44384765625 0.29118773946360155 0.0341796875 0.09195402298850575
0 0.5234375 0.4533844189016603 0.04296875 0.08939974457215837
0 0.548828125 0.36845466155810985 0.029296875 0.06768837803320563
