0 0.0263671875 0.5574712643678161 0.037109375 0.06002554278416348
0 0.03173828125 0.6436781609195402 0.0400390625 0.06385696040868455
0 0.4052734375 0.34546615581098344 0.033203125 0.06513409961685825
0 0.44775390625 0.3128991060025543 0.0439453125 0.07407407407407408
0 0.55517578125 0.6187739463601533 0.0341796875 0.06513409961685825
0 0.6162109375 0.3633461047254151 0.037109375 0.06257982120051087
0 0.73779296875 0.3378033205619413 0.0380859375 0.07790549169859515
0 0.7666015625 0.5938697318007663 0.044921875 0.0715197956577267
0 0.953125 0.603448275862069 0.041015625 0.07279693486590039
0 0.79248046875 0.3544061302681993 0.0322265625 0.070242656449553
