0 0.93359375 0.39481268011527376 0.01953125 0.040345821325648415
0 0.88720703125 0.3854466858789625 0.0126953125 0.04178674351585014
0 0.8310546875 0.41138328530259366 0.015625 0.03602305475504323
0 0.740234375 0.3768011527377521 0.017578125 0.03602305475504323
0 0.65185546875 0.3876080691642651 0.0107421875 0.034582132564841495
0 0.61474609375 0.3688760806916426 0.0107421875 0.034582132564841495
0 0.60205078125 0.36095100864553314 0.0166015625 0.03602305475504323
0 0.55908203125 0.38256484149855907 0.0107421875 0.030259365994236308
0 0.51611328125 0.3818443804034582 0.0107421875 0.034582132564841495
0 0.48779296875 0.3768011527377521 0.0146484375 0.03314121037463977
0 0.40576171875 0.35590778097982706 0.0107421875 0.03170028818443804
0 0.3779296875 0.37896253602305474 0.015625 0.03170028818443804
0 0.330078125 0.37319884726224783 0.015625 0.03170028818443804
0 0.2724609375 0.38040345821325644 0.009765625 0.034582132564841495
0 0.2421875 0.39553314121037464 0.015625 0.02737752161383285
0 0.18408203125 0.3717579250720461 0.0146484375 0.03170028818443804
0 0.16064453125 0.3768011527377521 0.0068359375 0.01296829971181556
0 0.1123046875 0.38256484149855907 0.01171875 0.024495677233429394
0 0.04638671875 0.3796829971181556 0.0166015625 0.02737752161383285
0 0.70556640625 0.4034582132564841 0.0146484375 0.02881844380403458
0 0.74853515625 0.37391930835734866 0.0166015625 0.03890489913544668
