0 0.7412109375 0.2330226364846871 0.041015625 0.06657789613848203
0 0.5908203125 0.4041278295605859 0.046875 0.07856191744340879
0 0.53173828125 0.33555259653794944 0.0498046875 0.06924101198402131
0 0.48974609375 0.2669773635153129 0.0517578125 0.07057256990679095
0 0.4375 0.3868175765645806 0.046875 0.06790945406125166
0 0.3994140625 0.4647137150466046 0.04296875 0.06924101198402131
0 0.28076171875 0.4267643142476698 0.0341796875 0.03861517976031958
0 0.34130859375 0.3049267643142477 0.0419921875 0.06657789613848203
0 0.2880859375 0.29760319573901467 0.0234375 0.049267643142476704
0 0.2265625 0.3455392809587217 0.041015625 0.07856191744340879
0 0.7109375 0.3242343541944075 0.04296875 0.06790945406125166
