0 0.1025390625 0.4602864583333333 0.03515625 0.04817708333333333
0 0.13623046875 0.416015625 0.0322265625 0.053385416666666664
0 0.17822265625 0.4134114583333333 0.0322265625 0.04817708333333333
0 0.228515625 0.46484375 0.029296875 0.05208333333333333
0 0.26123046875 0.427734375 0.0322265625 0.04817708333333333
0 0.33251953125 0.3984375 0.0263671875 0.04427083333333333
0 0.36572265625 0.4583333333333333 0.0263671875 0.04427083333333333
0 0.43994140625 0.4231770833333333 0.0263671875 0.041666666666666664
0 0.47265625 0.439453125 0.02734375 0.04817708333333333
0 0.54931640625 0.46484375 0.0244140625 0.03645833333333333
0 0.55810546875 0.5221354166666666 0.0361328125 0.05989583333333333
0 0.27294921875 0.5494791666666666 0.0341796875 0.0546875
0 0.36083984375 0.611328125 0.0341796875 0.053385416666666664
0 0.4599609375 0.544921875 0.029296875 0.04817708333333333
0 0.59521484375 0.5651041666666666 0.0341796875 0.057291666666666664
0 0.70068359375 0.552734375 0.0302734375 0.05078125
0 0.6328125 0.4641927083333333 0.025390625 0.037760416666666664
0 0.66064453125 0.4251302083333333 0.0263671875 0.04296875
0 0.74072265625 0.5286458333333333 0.0263671875 0.04427083333333333
0 0.767578125 0.47135416666666663 0.02734375 0.0390625
0 0.82666015625 0.47526041666666663 0.0322265625 0.049479166666666664
0 0.79150390625 0.5611979166666666 0.0380859375 0.0546875
0 0.8935546875 0.462890625 0.033203125 0.05078125
