0 0.185546875 0.20833333333333331 0.05859375 0.11842105263157894
0 0.2392578125 0.1388888888888889 0.060546875 0.11403508771929824
0 0.26806640625 0.06286549707602339 0.0556640625 0.11403508771929824
0 0.35009765625 0.21710526315789472 0.0556640625 0.10380116959064327
0 0.4248046875 0.17982456140350878 0.0546875 0.10818713450292397
0 0.47705078125 0.07017543859649122 0.0576171875 0.1286549707602339
0 0.57080078125 0.29970760233918126 0.0595703125 0.09064327485380116
0 0.7763671875 0.1907894736842105 0.052734375 0.11257309941520467
0 0.798828125 0.49634502923976603 0.0625 0.13011695906432746
0 0.005859375 0.28728070175438597 0.01171875 0.0804093567251462
