0 0.1318359375 0.3860677083333333 0.0390625 0.06901041666666666
0 0.2578125 0.39908854166666663 0.037109375 0.06380208333333333
0 0.34814453125 0.4192708333333333 0.0380859375 0.0546875
0 0.4404296875 0.41861979166666663 0.03515625 0.05598958333333333
0 0.51806640625 0.427734375 0.0283203125 0.05078125
0 0.564453125 0.41080729166666663 0.02734375 0.04296875
0 0.6142578125 0.4270833333333333 0.03125 0.0546875
0 0.6806640625 0.41276041666666663 0.029296875 0.046875
0 0.78173828125 0.41471354166666663 0.0361328125 0.04296875
0 0.85986328125 0.39713541666666663 0.0341796875 0.046875
