0 0.95263671875 0.7383093525179857 0.0224609375 0.048561151079136694
0 0.98974609375 0.6555755395683454 0.0185546875 0.052158273381294966
0 0.97607421875 0.5944244604316548 0.0224609375 0.052158273381294966
0 0.9609375 0.5314748201438849 0.01953125 0.04496402877697842
0 0.99658203125 0.466726618705036 0.0068359375 0.048561151079136694
0 0.9404296875 0.47661870503597126 0.01953125 0.046762589928057555
0 0.86962890625 0.7517985611510791 0.0224609375 0.053956834532374105
0 0.90087890625 0.6618705035971223 0.0224609375 0.053956834532374105
0 0.9013671875 0.6079136690647482 0.0234375 0.046762589928057555
0 0.87890625 0.5233812949640289 0.0234375 0.053956834532374105
0 0.86669921875 0.5026978417266187 0.0205078125 0.04496402877697842
0 0.884765625 0.4244604316546763 0.021484375 0.05035971223021583
0 0.8427734375 0.6726618705035972 0.0234375 0.046762589928057555
0 0.79248046875 0.723021582733813 0.0244140625 0.046762589928057555
0 0.77197265625 0.6609712230215827 0.0244140625 0.05575539568345324
0 0.8212890625 0.6088129496402878 0.025390625 0.04496402877697842
0 0.79833984375 0.5296762589928058 0.0205078125 0.052158273381294966
0 0.80322265625 0.49190647482014394 0.0185546875 0.04136690647482014
0 0.79052734375 0.4370503597122302 0.0224609375 0.05035971223021583
0 0.77099609375 0.3902877697841727 0.0224609375 0.046762589928057555
0 0.7275390625 0.689748201438849 0.025390625 0.052158273381294966
0 0.7509765625 0.5863309352517986 0.021484375 0.05035971223021583
0 0.6953125 0.631294964028777 0.025390625 0.05755395683453238
0 0.72265625 0.5638489208633094 0.021484375 0.04136690647482014
0 0.7421875 0.5215827338129496 0.01953125 0.05035971223021583
0 0.73046875 0.4649280575539569 0.01953125 0.04136690647482014
0 0.67431640625 0.552158273381295 0.0224609375 0.053956834532374105
0 0.63427734375 0.7194244604316548 0.0244140625 0.05035971223021583
0 0.61669921875 0.6079136690647482 0.0244140625 0.05755395683453238
0 0.64453125 0.5404676258992807 0.021484375 0.04496402877697842
0 0.6728515625 0.49910071942446044 0.0234375 0.04496402877697842
0 0.65576171875 0.38848920863309355 0.0205078125 0.05755395683453238
0 0.63525390625 0.3902877697841727 0.0224609375 0.046762589928057555
0 0.97998046875 0.3318345323741007 0.0205078125 0.048561151079136694
0 0.9072265625 0.3552158273381295 0.01953125 0.048561151079136694
0 0.8876953125 0.3579136690647482 0.01953125 0.04316546762589928
0 0.81787109375 0.34982014388489213 0.0224609375 0.03776978417266187
0 0.70849609375 0.36061151079136694 0.0205078125 0.048561151079136694
0 0.7509765625 0.34352517985611514 0.01953125 0.04316546762589928
0 0.59765625 0.5575539568345323 0.0234375 0.053956834532374105
0 0.6015625 0.48201438848920863 0.021484375 0.02877697841726619
0 0.55029296875 0.7688848920863309 0.0205078125 0.048561151079136694
0 0.51220703125 0.7859712230215827 0.0361328125 0.08992805755395684
0 0.529296875 0.6303956834532375 0.0234375 0.05575539568345324
0 0.544921875 0.6303956834532375 0.013671875 0.04496402877697842
0 0.56640625 0.539568345323741 0.021484375 0.05035971223021583
0 0.5341796875 0.506294964028777 0.021484375 0.048561151079136694
0 0.5791015625 0.4136690647482015 0.021484375 0.046762589928057555
0 0.56787109375 0.38489208633093525 0.0205078125 0.03956834532374101
0 0.5234375 0.4010791366906475 0.021484375 0.046762589928057555
0 0.4658203125 0.7670863309352518 0.021484375 0.048561151079136694
0 0.396484375 0.7508992805755396 0.021484375 0.052158273381294966
0 0.447265625 0.6447841726618705 0.025390625 0.059352517985611516
0 0.453125 0.5674460431654677 0.0234375 0.052158273381294966
0 0.48193359375 0.49190647482014394 0.0244140625 0.052158273381294966
0 0.45947265625 0.47482014388489213 0.0205078125 0.053956834532374105
0 0.44775390625 0.4217625899280576 0.0205078125 0.048561151079136694
0 0.3837890625 0.6654676258992807 0.01953125 0.05035971223021583
0 0.39501953125 0.5314748201438849 0.0185546875 0.052158273381294966
0 0.36181640625 0.5539568345323741 0.0224609375 0.06115107913669065
0 0.3955078125 0.4712230215827338 0.021484375 0.05035971223021583
0 0.38330078125 0.3839928057553957 0.0205078125 0.052158273381294966
0 0.34326171875 0.3723021582733813 0.0205078125 0.04316546762589928
0 0.310546875 0.72931654676259 0.0234375 0.048561151079136694
0 0.318359375 0.6672661870503598 0.0234375 0.053956834532374105
0 0.3154296875 0.5350719424460432 0.0234375 0.048561151079136694
0 0.26611328125 0.5602517985611511 0.0224609375 0.048561151079136694
0 0.3193359375 0.48201438848920863 0.021484375 0.04316546762589928
0 0.31640625 0.4127697841726619 0.021484375 0.048561151079136694
0 0.23486328125 0.7068345323741008 0.0263671875 0.06115107913669065
0 0.2490234375 0.6924460431654677 0.01953125 0.046762589928057555
0 0.23486328125 0.5539568345323741 0.0224609375 0.05755395683453238
0 0.24609375 0.48111510791366907 0.0234375 0.052158273381294966
0 0.25390625 0.4460431654676259 0.021484375 0.03956834532374101
0 0.2568359375 0.3732014388489209 0.021484375 0.04496402877697842
0 0.19189453125 0.37949640287769787 0.0244140625 0.046762589928057555
0 0.17578125 0.4073741007194245 0.021484375 0.04136690647482014
0 0.17431640625 0.45593525179856115 0.0244140625 0.052158273381294966
0 0.16357421875 0.5548561151079137 0.0205078125 0.04496402877697842
0 0.1806640625 0.6169064748201439 0.021484375 0.046762589928057555
0 0.16943359375 0.6798561151079137 0.0224609375 0.05035971223021583
0 0.1591796875 0.7634892086330936 0.0234375 0.05575539568345324
0 0.07666015625 0.7005395683453238 0.0224609375 0.059352517985611516
0 0.0888671875 0.6717625899280576 0.0234375 0.059352517985611516
0 0.1103515625 0.5683453237410072 0.0234375 0.053956834532374105
0 0.10498046875 0.5305755395683454 0.0224609375 0.046762589928057555
0 0.111328125 0.41906474820143885 0.021484375 0.05035971223021583
0 0.12255859375 0.375 0.0205078125 0.04136690647482014
0 0.0087890625 0.6465827338129497 0.015625 0.052158273381294966
0 0.01953125 0.5377697841726619 0.0234375 0.053956834532374105
0 0.0302734375 0.46402877697841727 0.0234375 0.053956834532374105
0 0.037109375 0.42535971223021585 0.01953125 0.03776978417266187
0 0.04833984375 0.3579136690647482 0.0224609375 0.03956834532374101
