0 0.048828125 0.9002911208151383 0.09375 0.07423580786026202
0 0.03076171875 0.6542940320232897 0.0615234375 0.08005822416302766
0 0.0224609375 0.45342066957787486 0.044921875 0.06259097525473072
0 0.248046875 0.9082969432314411 0.08203125 0.06404657933042213
0 0.1904296875 0.6717612809315866 0.064453125 0.07714701601164484
0 0.140625 0.45342066957787486 0.05859375 0.08005822416302766
0 0.109375 0.2903930131004367 0.05859375 0.05094614264919942
0 0.201171875 0.16375545851528386 0.046875 0.056768558951965066
0 0.24755859375 0.3005822416302766 0.0517578125 0.06550218340611354
0 0.37451171875 0.3158660844250364 0.0517578125 0.06695778748180495
0 0.31689453125 0.18558951965065504 0.0458984375 0.07714701601164484
0 0.50390625 0.05895196506550219 0.041015625 0.07423580786026202
0 0.39453125 0.06841339155749636 0.044921875 0.07860262008733625
0 0.2763671875 0.06404657933042213 0.041015625 0.06695778748180495
0 0.61572265625 0.06841339155749636 0.0400390625 0.061135371179039305
0 0.7255859375 0.06477438136826784 0.03515625 0.059679767103347894
0 0.8134765625 0.16375545851528386 0.048828125 0.06259097525473072
0 0.68798828125 0.1695778748180495 0.0458984375 0.048034934497816595
0 0.5693359375 0.16812227074235808 0.044921875 0.059679767103347894
0 0.64697265625 0.2918486171761281 0.0556640625 0.06841339155749636
0 0.94384765625 0.15429403202328967 0.0498046875 0.049490538573508006
0 0.92333984375 0.2903930131004367 0.0537109375 0.06259097525473072
0 0.78857421875 0.31222707423580787 0.0556640625 0.06550218340611354
0 0.51904296875 0.29767103347889373 0.0458984375 0.059679767103347894
0 0.45068359375 0.1703056768558952 0.0458984375 0.07569141193595343
0 0.89404296875 0.4403202328966521 0.0517578125 0.06841339155749636
0 0.8662109375 0.6550218340611355 0.06640625 0.06695778748180495
0 0.70703125 0.646288209606987 0.0625 0.06404657933042213
0 0.7470703125 0.455604075691412 0.05859375 0.06695778748180495
0 0.59765625 0.4483260553129549 0.05859375 0.061135371179039305
0 0.53271484375 0.6572052401746725 0.0654296875 0.0713245997088792
0 0.44970703125 0.4519650655021834 0.0537109375 0.056768558951965066
0 0.30126953125 0.46797671033478894 0.0595703125 0.07714701601164484
0 0.36328125 0.6652110625909753 0.068359375 0.07569141193595343
0 0.81884765625 0.911208151382824 0.0712890625 0.055312954876273655
0 0.63427734375 0.938136826783115 0.0654296875 0.059679767103347894
0 0.44970703125 0.911208151382824 0.0810546875 0.06695778748180495
