0 0.103515625 0.423828125 0.044921875 0.07682291666666666
0 0.17431640625 0.439453125 0.0400390625 0.06901041666666666
0 0.2490234375 0.3977864583333333 0.037109375 0.06380208333333333
0 0.3349609375 0.39127604166666663 0.03515625 0.053385416666666664
0 0.42578125 0.412109375 0.033203125 0.061197916666666664
0 0.50341796875 0.40234375 0.0341796875 0.05208333333333333
0 0.58203125 0.39127604166666663 0.033203125 0.053385416666666664
0 0.6591796875 0.3723958333333333 0.03125 0.0625
0 0.73486328125 0.4075520833333333 0.0322265625 0.05208333333333333
0 0.80517578125 0.42447916666666663 0.0380859375 0.06510416666666666
0 0.87353515625 0.45572916666666663 0.0419921875 0.057291666666666664
