0 0.115234375 0.24687065368567454 0.044921875 0.0737134909596662
0 0.2041015625 0.1564673157162726 0.0390625 0.06536856745479833
0 0.32861328125 0.14255910987482615 0.0439453125 0.07649513212795549
0 0.443359375 0.15229485396383866 0.044921875 0.0737134909596662
0 0.56005859375 0.13073713490959665 0.0458984375 0.07232267037552155
0 0.6923828125 0.10222531293463143 0.044921875 0.06815020862308761
0 0.751953125 0.18011126564673155 0.046875 0.07927677329624479
0 0.84228515625 0.12239221140472878 0.0458984375 0.06397774687065368
0 0.87646484375 0.1905424200278164 0.0458984375 0.08623087621696801
0 0.63232421875 0.22183588317107092 0.0419921875 0.07093184979137691
0 0.4951171875 0.23157162726008343 0.048828125 0.07649513212795549
0 0.37158203125 0.24478442280945756 0.0478515625 0.07232267037552155
0 0.23095703125 0.22948539638386647 0.0439453125 0.07510431154381085
0 0.125 0.43115438108484005 0.046875 0.08066759388038942
0 0.267578125 0.42976356050069536 0.046875 0.08066759388038942
0 0.3984375 0.4464534075104311 0.048828125 0.08066759388038942
0 0.53466796875 0.4269819193324061 0.0498046875 0.08066759388038942
0 0.6728515625 0.4269819193324061 0.056640625 0.07510431154381085
0 0.81396484375 0.4186369958275382 0.0478515625 0.07788595271210014
0 0.1591796875 0.6022253129346314 0.05078125 0.09179415855354658
0 0.34765625 0.6063977746870653 0.05078125 0.08344923504867871
0 0.53857421875 0.5827538247566064 0.0576171875 0.08344923504867871
0 0.7685546875 0.5702364394993046 0.052734375 0.08344923504867871
