0 0.17236328125 0.8671071953010279 0.0576171875 0.2187958883994126
0 0.462890625 0.7687224669603524 0.044921875 0.09544787077826725
0 0.48193359375 0.6784140969162995 0.0458984375 0.07929515418502202
0 0.2451171875 0.3751835535976505 0.009765625 0.02202643171806167
0 0.22412109375 0.3729809104258443 0.0107421875 0.011747430249632892
0 0.31884765625 0.3634361233480176 0.0087890625 0.01908957415565345
0 0.34716796875 0.4383259911894273 0.0205078125 0.03964757709251101
0 0.5625 0.566813509544787 0.0078125 0.014684287812041116
0 0.5166015625 0.5763582966226137 0.005859375 0.013215859030837003
0 0.6494140625 0.48825256975036707 0.005859375 0.010279001468428781
0 0.85498046875 0.5572687224669604 0.0087890625 0.016152716593245228
0 0.892578125 0.5763582966226137 0.005859375 0.016152716593245228
0 0.30078125 0.3832599118942731 0.005859375 0.020558002936857563
0 0.37841796875 0.3854625550660793 0.0068359375 0.03083700440528634
0 0.53173828125 0.447870778267254 0.0048828125 0.008810572687224669
0 0.52685546875 0.48898678414096913 0.0048828125 0.008810572687224669
0 0.6005859375 0.5154185022026432 0.005859375 0.014684287812041116
0 0.60498046875 0.48825256975036707 0.0048828125 0.010279001468428781
0 0.62109375 0.5154185022026432 0.005859375 0.008810572687224669
0 0.65283203125 0.5220264317180616 0.0048828125 0.010279001468428781
0 0.6650390625 0.4963289280469897 0.005859375 0.008810572687224669
0 0.65478515625 0.5022026431718062 0.0048828125 0.008810572687224669
0 0.87744140625 0.5022026431718062 0.0048828125 0.011747430249632892
0 0.86279296875 0.4941262848751835 0.0048828125 0.010279001468428781
0 0.8515625 0.4897209985315712 0.00390625 0.007342143906020558
0 0.82568359375 0.487518355359765 0.0048828125 0.008810572687224669
0 0.9912109375 0.6182085168869309 0.0078125 0.017621145374449337
0 0.73583984375 0.5418502202643172 0.0068359375 0.008810572687224669
0 0.73876953125 0.49559471365638763 0.0048828125 0.010279001468428781
