0 0.33740234375 0.3841145833333333 0.0263671875 0.04427083333333333
0 0.0732421875 0.43815104166666663 0.0234375 0.03515625
0 0.1064453125 0.4407552083333333 0.01953125 0.02734375
0 0.28125 0.3977864583333333 0.021484375 0.037760416666666664
0 0.25634765625 0.359375 0.0283203125 0.04427083333333333
0 0.39990234375 0.3548177083333333 0.0244140625 0.04036458333333333
0 0.51708984375 0.400390625 0.0205078125 0.03515625
0 0.4638671875 0.46875 0.013671875 0.020833333333333332
0 0.65576171875 0.42643229166666663 0.0146484375 0.029947916666666664
0 0.564453125 0.470703125 0.009765625 0.022135416666666664
0 0.978515625 0.345703125 0.0234375 0.04296875
0 0.82373046875 0.23372395833333331 0.0244140625 0.05859375
