0 0.72314453125 0.1300436205016358 0.1494140625 0.10632497273718648
0 0.90380859375 0.07906215921483098 0.0498046875 0.03707742639040349
0 0.84521484375 0.04661941112322792 0.0498046875 0.0376226826608506
0 0.748046875 0.024536532170119956 0.041015625 0.02617230098146129
0 0.6103515625 0.0070883315158124325 0.037109375 0.014176663031624865
0 0.6005859375 0.07688113413304254 0.046875 0.03707742639040349
0 0.47314453125 0.09214830970556162 0.0751953125 0.04689203925845147
0 0.24853515625 0.04034896401308615 0.0888671875 0.07088331515812432
0 0.5087890625 0.02944383860414395 0.033203125 0.02617230098146129
0 0.40673828125 0.025081788440567066 0.0361328125 0.02726281352235551
0 0.37255859375 0.027535441657579065 0.0322265625 0.0267175572519084
0 0.28369140625 0.014176663031624865 0.0361328125 0.02835332606324973
0 0.29541015625 0.08124318429661942 0.0478515625 0.04580152671755725
0 0.12744140625 0.05316248636859324 0.0771484375 0.05834242093784079
0 0.02294921875 0.03489640130861505 0.0458984375 0.0534351145038168
