1 0.10034722222222223 0.4474505723204995 0.03125 0.05619146722164413
1 0.23958333333333334 0.4167533818938606 0.020833333333333336 0.04682622268470344
1 0.3666666666666667 0.3730489073881374 0.022222222222222223 0.04890738813735693
1 0.44062500000000004 0.3642039542143601 0.013194444444444444 0.045785639958376693
1 0.4100694444444445 0.3381893860561915 0.010416666666666668 0.022892819979188347
1 0.4829861111111111 0.3652445369406868 0.014583333333333334 0.045785639958376693
1 0.5180555555555556 0.35848074921956297 0.018055555555555557 0.03433922996878252
1 0.5517361111111111 0.3517169614984392 0.014583333333333334 0.029136316337148804
1 0.6836805555555556 0.35015608740894905 0.017361111111111112 0.03433922996878252
1 0.8024305555555555 0.3673257023933403 0.015972222222222224 0.043704474505723206
