1 0.3359375 0.353515625 0.046875 0.10546875
1 0.087890625 0.337890625 0.04296875 0.08203125
1 0.46875 0.33984375 0.046875 0.078125
1 0.265625 0.287109375 0.0390625 0.08203125
1 0.126953125 0.251953125 0.03515625 0.06640625
1 0.21875 0.271484375 0.03125 0.05859375
1 0.392578125 0.314453125 0.03515625 0.06640625
1 0.615234375 0.365234375 0.02734375 0.03515625
1 0.734375 0.359375 0.046875 0.0703125
1 0.865234375 0.400390625 0.05078125 0.08203125
1 0.298828125 0.267578125 0.01953125 0.05078125
1 0.51171875 0.330078125 0.0234375 0.05078125
1 0.66796875 0.306640625 0.0234375 0.05859375
1 0.9375 0.31640625 0.046875 0.0625
1 0.44921875 0.224609375 0.03125 0.05078125
1 0.384765625 0.251953125 0.03515625 0.03515625
