1 0.024305555555555556 0.4010416666666667 0.025 0.03958333333333333
1 0.09756944444444444 0.40989583333333335 0.010416666666666668 0.042708333333333334
1 0.1954861111111111 0.33541666666666664 0.021527777777777778 0.09375
1 0.2652777777777778 0.3859375 0.02361111111111111 0.046875
1 0.321875 0.3932291666666667 0.015972222222222224 0.042708333333333334
1 0.4288194444444445 0.3572916666666667 0.02013888888888889 0.075
1 0.45243055555555556 0.35 0.014583333333333334 0.058333333333333334
1 0.49097222222222225 0.40729166666666666 0.011111111111111112 0.03125
1 0.5513888888888889 0.3723958333333333 0.016666666666666666 0.028125
1 0.6038194444444445 0.33541666666666664 0.03125 0.06875
1 0.6777777777777778 0.36614583333333334 0.022222222222222223 0.078125
1 0.7510416666666667 0.3911458333333333 0.02013888888888889 0.040625
1 0.8222222222222223 0.365625 0.030555555555555558 0.06041666666666667
