1 0.1125 0.51125 0.03166666666666667 0.0675
1 0.2525 0.51 0.04166666666666667 0.055
1 0.2941666666666667 0.4925 0.028333333333333335 0.06
1 0.39 0.5525 0.03666666666666667 0.06
1 0.4166666666666667 0.47750000000000004 0.03333333333333333 0.055
1 0.5266666666666667 0.5125 0.03333333333333333 0.05
1 0.5908333333333333 0.4575 0.03166666666666667 0.055
1 0.6333333333333334 0.51 0.030000000000000002 0.06
1 0.7475 0.47500000000000003 0.03166666666666667 0.04
1 0.7758333333333334 0.5275 0.03166666666666667 0.055
1 0.8966666666666667 0.46375 0.03666666666666667 0.0475
