1 0.15416666666666667 0.44901144640998963 0.0125 0.028095733610822064
1 0.1875 0.44484911550468265 0.015277777777777779 0.017689906347554633
1 0.21180555555555555 0.4203954214360042 0.009722222222222222 0.029136316337148804
1 0.27361111111111114 0.47762747138397504 0.015277777777777779 0.04786680541103018
1 0.34375 0.49531737773152973 0.009722222222222222 0.041623309053069726
1 0.34756944444444443 0.4510926118626431 0.011805555555555555 0.03225806451612904
1 0.37083333333333335 0.4427679500520292 0.015277777777777779 0.03433922996878252
1 0.40520833333333334 0.43288241415192513 0.009027777777777779 0.020811654526534863
1 0.5878472222222223 0.431321540062435 0.014583333333333334 0.021852237252861603
1 0.6208333333333333 0.44953173777315303 0.015277777777777779 0.041623309053069726
1 0.6461805555555555 0.46514047866805414 0.015972222222222224 0.045785639958376693
1 0.25659722222222225 0.5197710718002082 0.013194444444444444 0.04474505723204995
1 0.6815972222222223 0.49479708636836633 0.017361111111111112 0.04058272632674298
1 0.7520833333333333 0.5301768990634756 0.03194444444444445 0.04890738813735693
1 0.9180555555555556 0.6290322580645162 0.04861111111111111 0.07596253902185224
1 0.84375 0.43704474505723206 0.019444444444444445 0.03121748178980229
