1 0.105 0.625 0.066 0.10975609756097561
1 0.069 0.37652439024390244 0.046 0.09451219512195122
1 0.135 0.2652439024390244 0.042 0.08536585365853659
1 0.165 0.17225609756097562 0.042 0.08231707317073171
1 0.356 0.19207317073170732 0.036000000000000004 0.08536585365853659
1 0.434 0.17682926829268295 0.052000000000000005 0.11585365853658537
1 0.216 0.5731707317073171 0.056 0.16463414634146342
1 0.422 0.4603658536585366 0.068 0.10365853658536586
1 0.338 0.6310975609756098 0.052000000000000005 0.13414634146341464
1 0.274 0.913109756097561 0.076 0.06402439024390244
1 0.43 0.8551829268292683 0.084 0.14939024390243902
1 0.534 0.4527439024390244 0.056 0.09451219512195122
1 0.605 0.4253048780487805 0.046 0.11280487804878049
1 0.668 0.2682926829268293 0.032 0.10975609756097561
1 0.5750000000000001 0.7576219512195123 0.074 0.057926829268292686
1 0.629 0.6173780487804879 0.05 0.09451219512195122
1 0.765 0.49390243902439024 0.054 0.08536585365853659
1 0.85 0.44359756097560976 0.056 0.11890243902439025
1 0.932 0.32621951219512196 0.04 0.11585365853658537
1 0.9470000000000001 0.21341463414634146 0.042 0.06097560975609756
1 0.969 0.5121951219512195 0.05 0.16463414634146342
1 0.798 0.7073170731707318 0.07200000000000001 0.10365853658536586
1 0.865 0.6692073170731707 0.038 0.08231707317073171
1 0.97 0.850609756097561 0.052000000000000005 0.2378048780487805
1 0.658 0.9466463414634146 0.056 0.08231707317073171
1 0.86 0.9405487804878049 0.096 0.10670731707317073
1 0.339 0.34146341463414637 0.066 0.08536585365853659
