1 0.173828125 0.169921875 0.09765625 0.05859375
1 0.490234375 0.158203125 0.12109375 0.06640625
1 0.8046875 0.134765625 0.078125 0.05078125
1 0.279296875 0.46484375 0.16796875 0.09375
1 0.724609375 0.43359375 0.11328125 0.109375
1 0.203125 0.634765625 0.109375 0.09765625
1 0.478515625 0.640625 0.14453125 0.125
1 0.80078125 0.650390625 0.09375 0.06640625
1 0.3125 0.876953125 0.2109375 0.13671875
0 0.931640625 0.908203125 0.05078125 0.12109375
0 0.609375 0.142578125 0.078125 0.06640625
0 0.83203125 0.490234375 0.0625 0.07421875
