1 0.03416666666666667 0.4825 0.025 0.035
1 0.16333333333333333 0.53625 0.030000000000000002 0.0575
1 0.2725 0.515 0.021666666666666667 0.045
1 0.22 0.4525 0.01 0.025
1 0.32083333333333336 0.47750000000000004 0.015000000000000001 0.03
1 0.25916666666666666 0.4325 0.015000000000000001 0.025
1 0.6416666666666667 0.43125 0.016666666666666666 0.0325
1 0.6708333333333334 0.45 0.018333333333333333 0.025
1 0.7266666666666667 0.53 0.03333333333333333 0.03
1 0.7908333333333334 0.44 0.015000000000000001 0.02
1 0.8358333333333334 0.43875000000000003 0.018333333333333333 0.0375
1 0.895 0.47750000000000004 0.02 0.02
1 0.9450000000000001 0.60875 0.023333333333333334 0.0625
1 0.9508333333333334 0.47000000000000003 0.011666666666666667 0.045
1 0.3916666666666667 0.4325 0.016666666666666666 0.03
