1 0.09765625 0.6569086651053864 0.045312500000000006 0.04449648711943794
1 0.27578125000000003 0.6217798594847775 0.0234375 0.03981264637002342
1 0.34687500000000004 0.5468384074941453 0.009375000000000001 0.053864168618266976
1 0.42890625000000004 0.5374707259953162 0.0171875 0.02576112412177986
1 0.46796875000000004 0.5128805620608899 0.0140625 0.023419203747072598
1 0.49140625000000004 0.5046838407494145 0.0078125 0.02107728337236534
1 0.20859375000000002 0.509367681498829 0.0171875 0.01639344262295082
1 0.2609375 0.5128805620608899 0.015625 0.01873536299765808
1 0.32890625 0.4882903981264637 0.010937500000000001 0.01639344262295082
1 0.5171875 0.5046838407494145 0.009375000000000001 0.01639344262295082
1 0.8500000000000001 0.6721311475409836 0.040625 0.10304449648711944
1 0.78515625 0.5971896955503513 0.0203125 0.05152224824355972
1 0.7523437500000001 0.5386416861826698 0.0171875 0.03278688524590164
1 0.7109375 0.5152224824355972 0.009375000000000001 0.01873536299765808
1 0.728125 0.5257611241217799 0.0125 0.03044496487119438
1 0.11328125 0.522248243559719 0.0140625 0.03278688524590164
