1 0.448125 0.34146341463414637 0.05625 0.10131332082551595
1 0.529375 0.3395872420262664 0.03125 0.0675422138836773
1 0.65375 0.3724202626641651 0.03 0.05065666041275797
1 0.600625 0.41088180112570355 0.02125 0.026266416510318948
1 0.7225 0.4090056285178236 0.0275 0.0375234521575985
1 0.790625 0.3921200750469043 0.02625 0.0375234521575985
1 0.86375 0.3714821763602251 0.0275 0.0450281425891182
1 0.958125 0.4165103189493433 0.03375 0.0375234521575985
1 0.818125 0.3808630393996248 0.01375 0.026266416510318948
1 0.93 0.41181988742964354 0.01 0.03564727954971857
1 0.26375 0.41088180112570355 0.0325 0.04127579737335835
1 0.11812500000000001 0.3977485928705441 0.03375 0.06378986866791744
1 0.20750000000000002 0.3545966228893058 0.02 0.03377110694183865
1 0.165625 0.3808630393996248 0.03125 0.04127579737335835
1 0.023125 0.31050656660412757 0.03125 0.054409005628517824
1 0.26625 0.33677298311444653 0.015 0.020637898686679174
1 0.385625 0.3968105065666041 0.03375 0.05065666041275797
