1 0.13583333333333333 0.5543766578249336 0.035 0.09018567639257294
1 0.23333333333333334 0.47480106100795755 0.016666666666666666 0.05305039787798408
1 0.28833333333333333 0.4151193633952254 0.016666666666666666 0.055702917771883284
1 0.35000000000000003 0.3978779840848806 0.013333333333333334 0.03183023872679045
1 0.4683333333333334 0.35278514588859416 0.016666666666666666 0.03183023872679045
1 0.5966666666666667 0.3448275862068965 0.01 0.02652519893899204
1 0.6891666666666667 0.396551724137931 0.008333333333333333 0.03978779840848806
1 0.7150000000000001 0.44827586206896547 0.023333333333333334 0.03713527851458886
1 0.7616666666666667 0.493368700265252 0.016666666666666666 0.0636604774535809
1 0.8425 0.6021220159151194 0.028333333333333335 0.05305039787798408
