1 0.078125 0.33981481481481485 0.06458333333333333 0.13148148148148148
1 0.20572916666666666 0.32685185185185184 0.057291666666666664 0.1277777777777778
1 0.3703125 0.28611111111111115 0.06145833333333333 0.13518518518518519
1 0.47031249999999997 0.3425925925925926 0.04895833333333333 0.12962962962962962
1 0.5713541666666666 0.35370370370370374 0.05520833333333333 0.13333333333333333
1 0.6572916666666666 0.3453703703703704 0.05416666666666667 0.13148148148148148
1 0.8494791666666667 0.46574074074074073 0.078125 0.1685185185185185
1 0.6307291666666667 0.5481481481481482 0.06145833333333333 0.15185185185185185
1 0.4083333333333333 0.5055555555555555 0.06875 0.14814814814814814
1 0.25677083333333334 0.5046296296296297 0.08854166666666667 0.1388888888888889
1 0.12343749999999999 0.4990740740740741 0.07604166666666666 0.1537037037037037
